1.000000000 0.000000000 0.000000000 0.000000000 0.000000000 1.000000000 0.000000000 0.000000000 0.000000000 0.000000000 0.999999940 -0.000000238
0.999997735 -0.001584351 -0.001434939 -0.002522302 0.001582988 0.999998271 -0.000950946 -0.007388915 0.001436443 0.000948672 0.999998450 0.564060807
0.999991417 -0.002346511 -0.003430056 0.014467174 0.002337752 0.999993920 -0.002555717 -0.017779572 0.003436033 0.002547677 0.999990821 1.133266211
0.999983072 -0.002355862 -0.005314132 -0.009441162 0.002337055 0.999990940 -0.003542414 -0.040904865 0.005322429 0.003529934 0.999979496 1.626889586
0.999969482 -0.004063481 -0.006669691 -0.044598095 0.004028890 0.999978364 -0.005191435 -0.056566391 0.006690642 0.005164405 0.999964237 2.090152979
0.999946356 -0.006196356 -0.008301480 -0.066871248 0.006138205 0.999956608 -0.007012006 -0.074603073 0.008344567 0.006960674 0.999940932 2.546711206
0.999922931 -0.007850009 -0.009619728 -0.064070851 0.007774773 0.999939084 -0.007833736 -0.072770894 0.009680637 0.007758341 0.999923050 2.931513309
0.999915361 -0.007119822 -0.010888402 -0.053383823 0.007044954 0.999951422 -0.006898942 -0.091577984 0.010936992 0.006821651 0.999916911 3.278109789
0.999909699 -0.006327179 -0.011859071 -0.039842080 0.006243695 0.999955535 -0.007063524 -0.116015285 0.011903235 0.006988842 0.999904752 3.691591263
0.999904394 -0.004619576 -0.013033291 -0.027092578 0.004496037 0.999944866 -0.009492070 -0.138876483 0.013076422 0.009432564 0.999870002 4.055814266
0.999891639 -0.003259661 -0.014358058 -0.045997098 0.003067737 0.999905825 -0.013368797 -0.152644590 0.014400281 0.013323302 0.999807537 4.510163784
0.999878883 -0.001629212 -0.015482174 -0.064444289 0.001360584 0.999848545 -0.017345522 -0.160429701 0.015508086 0.017322350 0.999729693 5.122231960
0.999859571 0.000094148 -0.016763013 -0.078077331 -0.000383573 0.999850810 -0.017263329 -0.175125510 0.016758882 0.017267331 0.999710500 5.752761364
0.999836147 0.002310521 -0.017954892 -0.097525783 -0.002498344 0.999942303 -0.010445373 -0.183512539 0.017929720 0.010488519 0.999784172 6.403789043
0.999821782 0.003016042 -0.018636232 -0.123678260 -0.003017870 0.999995351 -0.000069985 -0.192281663 0.018635934 0.000126214 0.999826312 7.075233459
0.999807715 0.003709990 -0.019254398 -0.143606588 -0.003581241 0.999970973 0.006716894 -0.204763517 0.019278757 -0.006646648 0.999792099 7.753104687
0.999769509 0.006057860 -0.020597590 -0.167248324 -0.005940733 0.999965847 0.005742893 -0.219456419 0.020631675 -0.005619205 0.999771357 8.437707901
0.999738693 0.008255772 -0.021318927 -0.189274415 -0.008282375 0.999965012 -0.001159837 -0.230556175 0.021308601 0.001336105 0.999772072 9.114188194
0.999710858 0.008000644 -0.022674041 -0.208820492 -0.008167176 0.999940276 -0.007261548 -0.229901627 0.022614589 0.007444631 0.999716461 9.833258629
0.999699473 0.005717696 -0.023835726 -0.228360131 -0.005848548 0.999968171 -0.005423674 -0.235330045 0.023803955 0.005561449 0.999701142 10.562561035
0.999694824 0.005092334 -0.024173893 -0.246039465 -0.005004392 0.999980628 0.003697021 -0.241311699 0.024192246 -0.003574918 0.999700904 11.323422432
0.999692559 0.004698974 -0.024343766 -0.274915040 -0.004425544 0.999926627 0.011273718 -0.250774622 0.024394952 -0.011162519 0.999640107 12.086994171
0.999683857 0.003984180 -0.024825932 -0.301154494 -0.003652475 0.999903619 0.013392279 -0.249571770 0.024876891 -0.013297368 0.999602020 12.890263557
0.999682426 0.002083144 -0.025113812 -0.318477452 -0.001771748 0.999921322 0.012415276 -0.249174967 0.025137696 -0.012366839 0.999607503 13.689196587
0.999696136 0.001773752 -0.024586551 -0.341418058 -0.001532750 0.999950647 0.009817548 -0.246255919 0.024602750 -0.009776881 0.999649405 14.517023087
0.999692976 0.004207618 -0.024419852 -0.368914127 -0.004055609 0.999972165 0.006270976 -0.244845808 0.024445549 -0.006170014 0.999682069 15.363864899
0.999734581 0.001717037 -0.022972448 -0.395306081 -0.001696968 0.999998212 0.000893066 -0.252597004 0.022973936 -0.000853848 0.999735653 16.212280273
0.999751151 -0.001513309 -0.022254666 -0.410786122 0.001388264 0.999983191 -0.005633226 -0.256148130 0.022262819 0.005600929 0.999736488 17.075824738
0.999779344 -0.000312597 -0.021005254 -0.435693890 0.000082385 0.999939978 -0.010959696 -0.267423451 0.021007420 0.010955547 0.999719322 17.967105865
0.999778688 0.000993620 -0.021014202 -0.460162342 -0.001237845 0.999931812 -0.011612077 -0.283673078 0.021001231 0.011635520 0.999711752 18.881008148
0.999767303 0.001236782 -0.021540692 -0.479974717 -0.001487135 0.999931574 -0.011610175 -0.296253681 0.021524858 0.011639506 0.999700487 19.810762405
0.999771416 0.002325622 -0.021252554 -0.507290125 -0.002599360 0.999913931 -0.012861721 -0.318728924 0.021220813 0.012914024 0.999691427 20.748575211
0.999756098 0.005733525 -0.021328986 -0.531905055 -0.006048251 0.999873340 -0.014720664 -0.349116474 0.021241887 0.014846078 0.999664128 21.716842651
0.999727786 0.009006492 -0.021521928 -0.561612010 -0.009341105 0.999836326 -0.015497894 -0.371800035 0.021378819 0.015694715 0.999648273 22.681455612
0.999708951 0.010689886 -0.021628374 -0.591495812 -0.011028573 0.999817491 -0.015601105 -0.396289408 0.021457655 0.015835095 0.999644339 23.661182404
0.999700010 0.011808382 -0.021455891 -0.623863518 -0.012149926 0.999800444 -0.015858358 -0.419126421 0.021264350 0.016114289 0.999643981 24.633518219
0.999694169 0.011530813 -0.021876384 -0.637696862 -0.011869905 0.999810457 -0.015434336 -0.453176409 0.021694265 0.015689282 0.999641418 25.624937057
0.999669254 0.012616289 -0.022413246 -0.661090076 -0.012931005 0.999819100 -0.013952537 -0.484381527 0.022233160 0.014237745 0.999651313 26.627099991
0.999656498 0.013076958 -0.022716172 -0.688173413 -0.013362949 0.999832869 -0.012483863 -0.505851507 0.022549119 0.012783127 0.999663889 27.643436432
0.999638975 0.014038176 -0.022908647 -0.721729934 -0.014298071 0.999834836 -0.011220749 -0.536098897 0.022747343 0.011544250 0.999674499 28.653217316
0.999633729 0.014027547 -0.023143210 -0.745607257 -0.014308652 0.999825299 -0.012025758 -0.564544082 0.022970475 0.012352501 0.999659777 29.679357529
0.999613404 0.015090653 -0.023348596 -0.776226699 -0.015404525 0.999792635 -0.013321912 -0.586780429 0.023142720 0.013676437 0.999638557 30.714469910
0.999621391 0.014909272 -0.023125932 -0.815824091 -0.015193925 0.999810398 -0.012182284 -0.614153028 0.022939922 0.012529043 0.999658227 31.753005981
0.999612451 0.014134756 -0.023983616 -0.842952788 -0.014368523 0.999850631 -0.009602716 -0.641830087 0.023844302 0.009943604 0.999666214 32.794994354
0.999595702 0.014609645 -0.024392447 -0.875387609 -0.014759570 0.999873221 -0.005977722 -0.663474858 0.024302019 0.006335328 0.999684632 33.848823547
0.999576986 0.014906892 -0.024974067 -0.911346793 -0.015009632 0.999879539 -0.003931493 -0.681133032 0.024912450 0.004304683 0.999680400 34.902618408
0.999572277 0.014336380 -0.025490478 -0.935842454 -0.014417546 0.999891579 -0.003003111 -0.710130095 0.025444666 0.003369336 0.999670565 35.985530853
0.999556959 0.013936987 -0.026297078 -0.962087512 -0.014065290 0.999890029 -0.004700285 -0.725357115 0.026228674 0.005068079 0.999643087 37.060958862
0.999535143 0.014578016 -0.026777469 -1.002428055 -0.014720752 0.999878407 -0.005140987 -0.744940579 0.026699267 0.005532781 0.999628246 38.152164459
0.999526441 0.014154240 -0.027322605 -1.039764881 -0.014268179 0.999890208 -0.003979647 -0.765857756 0.027263274 0.004367605 0.999618769 39.212932587
0.999503613 0.014131730 -0.028154567 -1.075788856 -0.014193978 0.999897301 -0.002012283 -0.787230790 0.028123235 0.002410909 0.999601543 40.319179535
0.999484539 0.014517955 -0.028632725 -1.114603519 -0.014514211 0.999894679 0.000338650 -0.804927766 0.028634623 0.000077106 0.999589920 41.402088165
0.999442935 0.015898641 -0.029339315 -1.150915742 -0.015898671 0.999873638 0.000232358 -0.826255679 0.029339300 0.000234228 0.999569476 42.473098755
0.999407172 0.017308488 -0.029758399 -1.189812899 -0.017419050 0.999842346 -0.003460039 -0.851841688 0.029693814 0.003976351 0.999551177 43.576675415
0.999386966 0.018765226 -0.029556422 -1.228728890 -0.018994257 0.999791563 -0.007487250 -0.872384250 0.029409764 0.008044064 0.999535024 44.667747498
0.999388397 0.018899221 -0.029419878 -1.269259334 -0.019131605 0.999787748 -0.007637458 -0.897542238 0.029269299 0.008195636 0.999537945 45.751529694
0.999393106 0.019747304 -0.028697342 -1.315215588 -0.019899331 0.999789417 -0.005021608 -0.920558751 0.028592136 0.005589619 0.999575496 46.823169708
0.999383807 0.019965047 -0.028869463 -1.351090193 -0.020048182 0.999795675 -0.002592953 -0.950922966 0.028811796 0.003170135 0.999579847 47.932258606
0.999406040 0.018537546 -0.029049348 -1.381740332 -0.018591454 0.999825895 -0.001586668 -0.969858170 0.029014876 0.002125795 0.999576688 49.033298492
0.999431133 0.018492322 -0.028205073 -1.423206925 -0.018564360 0.999825060 -0.002294241 -0.993721187 0.028157709 0.002816545 0.999599457 50.120456696
0.999447882 0.017408090 -0.028302174 -1.456674576 -0.017530750 0.999837935 -0.004091437 -1.013832331 0.028226363 0.004585336 0.999590993 51.208812714
0.999438167 0.018108936 -0.028202485 -1.490960360 -0.018300578 0.999811053 -0.006551946 -1.037161946 0.028078509 0.007064387 0.999580622 52.300727844
0.999464273 0.017043466 -0.027941426 -1.524200082 -0.017299281 0.999810457 -0.008939425 -1.065082669 0.027783770 0.009418002 0.999569476 53.396327972
0.999490082 0.015718803 -0.027791144 -1.559522629 -0.016064603 0.999795794 -0.012263626 -1.097554445 0.027592694 0.012703827 0.999538422 54.476947784
0.999519944 0.013746812 -0.027764697 -1.588586926 -0.014134854 0.999804497 -0.013828506 -1.132131457 0.027569167 0.014214316 0.999518812 55.553836823
0.999554276 0.012182642 -0.027254356 -1.625732183 -0.012499309 0.999856055 -0.011478887 -1.163280010 0.027110588 0.011814428 0.999562621 56.638931274
0.999569058 0.010924546 -0.027245425 -1.655681252 -0.011069718 0.999925315 -0.005183170 -1.194575429 0.027186761 0.005482536 0.999615312 57.737243652
0.999592662 0.009157187 -0.027031485 -1.682935596 -0.009150124 0.999958038 0.000385034 -1.214664578 0.027033878 -0.000137536 0.999634504 58.831115723
0.999601364 0.007409626 -0.027244568 -1.711214423 -0.007390752 0.999972403 0.000793425 -1.230104089 0.027249698 -0.000591750 0.999628544 59.922946930
0.999635875 0.004310819 -0.026640367 -1.744317293 -0.004373454 0.999987841 -0.002293244 -1.247732639 0.026630156 0.002408919 0.999642491 61.012477875
0.999645233 0.003034683 -0.026462004 -1.783292294 -0.003181284 0.999979973 -0.005499728 -1.267251372 0.026444776 0.005581961 0.999634683 62.107292175
0.999636889 0.005003575 -0.026478944 -1.821920753 -0.005257352 0.999940932 -0.009523196 -1.292873144 0.026429728 0.009658947 0.999603987 63.194396973
0.999644637 0.005255757 -0.026135754 -1.859526753 -0.005612054 0.999892116 -0.013577942 -1.323733091 0.026061568 0.013719792 0.999566197 64.271606445
0.999635398 0.007823146 -0.025844777 -1.889208078 -0.008198199 0.999862134 -0.014437756 -1.348973274 0.025728265 0.014644370 0.999561667 65.378875732
0.999628305 0.011496110 -0.024719102 -1.933556914 -0.011771156 0.999870121 -0.011010296 -1.374853969 0.024589313 0.011297176 0.999633789 66.476921082
0.999601841 0.013270850 -0.024900122 -1.965734959 -0.013493206 0.999870479 -0.008783219 -1.406406879 0.024780331 0.009115703 0.999651313 67.580734253
0.999600232 0.013418217 -0.024885301 -1.995011330 -0.013615062 0.999877274 -0.007757560 -1.440467238 0.024778150 0.008093273 0.999660194 68.657897949
0.999616325 0.011642602 -0.025133373 -2.019660711 -0.011818771 0.999906659 -0.006872245 -1.469208598 0.025051016 0.007166655 0.999660492 69.754074097
0.999629140 0.010887302 -0.024960786 -2.059709549 -0.011026278 0.999924600 -0.005436986 -1.495940924 0.024899701 0.005710194 0.999673605 70.844207764
0.999641538 0.009334426 -0.025093036 -2.095654488 -0.009422703 0.999949932 -0.003402134 -1.517073631 0.025060020 0.003637359 0.999679267 71.935760498
0.999624789 0.008566077 -0.026018826 -2.118964672 -0.008614616 0.999961376 -0.001753904 -1.543630481 0.026002796 0.001977388 0.999659836 73.028144836
0.999625921 0.007950149 -0.026169676 -2.156242371 -0.008021602 0.999964416 -0.002626546 -1.572569966 0.026147863 0.002835486 0.999653995 74.111770630
0.999603510 0.007843461 -0.027047148 -2.187077999 -0.008030023 0.999944627 -0.006795914 -1.595017910 0.026992349 0.007010407 0.999611020 75.196289062
0.999571025 0.008284489 -0.028093331 -2.216457844 -0.008537623 0.999923944 -0.008902506 -1.618739605 0.028017441 0.009138536 0.999565601 76.274879456
0.999539495 0.010419112 -0.028498953 -2.256769180 -0.010632081 0.999916553 -0.007331640 -1.644161940 0.028420184 0.007631268 0.999566913 77.362045288
0.999515176 0.011599284 -0.028894814 -2.297919512 -0.011700224 0.999926031 -0.003326797 -1.664557338 0.028854085 0.003663260 0.999576926 78.431861877
0.999493420 0.012313585 -0.029348571 -2.339181185 -0.012287463 0.999923944 0.001070172 -1.695093274 0.029359518 -0.000709009 0.999568641 79.495132446
0.999447167 0.014115137 -0.030103462 -2.375096083 -0.014074696 0.999899745 0.001554915 -1.712098122 0.030122396 -0.001130358 0.999545574 80.595489502
0.999439240 0.013796311 -0.030511824 -2.414570093 -0.013820135 0.999904394 -0.000570082 -1.729781151 0.030501043 0.000991440 0.999534249 81.660942078
0.999430120 0.013882037 -0.030770985 -2.455843925 -0.013936078 0.999901712 -0.001542502 -1.747084975 0.030746542 0.001970449 0.999525249 82.716941833
0.999408305 0.012775040 -0.031934183 -2.489044189 -0.012820339 0.999917030 -0.001214062 -1.779934764 0.031916019 0.001622751 0.999489188 83.783859253
0.999397874 0.011562742 -0.032715525 -2.524812222 -0.011595473 0.999932468 -0.000810922 -1.801313162 0.032703936 0.001189786 0.999464333 84.814033508
0.999386072 0.010319487 -0.033479545 -2.558036327 -0.010310050 0.999946773 0.000454500 -1.821250200 0.033482444 -0.000109045 0.999439299 85.850730896
0.999383330 0.010331191 -0.033560283 -2.608605146 -0.010214830 0.999941170 0.003636910 -1.848071575 0.033595879 -0.003291854 0.999430001 86.851989746
0.999352396 0.009875062 -0.034599304 -2.651491642 -0.009739714 0.999944210 0.004078297 -1.862099886 0.034637649 -0.003738670 0.999392807 87.826164246
0.999278486 0.008704875 -0.036966007 -2.686995029 -0.008551370 0.999954164 0.004308681 -1.878584146 0.037001815 -0.003989462 0.999307156 88.780433655
0.999175251 0.007671836 -0.039873771 -2.735004425 -0.007537354 0.999965429 0.003521916 -1.901043653 0.039899413 -0.003218469 0.999198496 89.720085144
0.999024808 0.007628358 -0.043488793 -2.777083397 -0.007526532 0.999968588 0.002504694 -1.916355848 0.043506533 -0.002174931 0.999050736 90.641113281
0.998902917 0.007188436 -0.046273775 -2.830425262 -0.007048381 0.999970078 0.003189105 -1.936112404 0.046295322 -0.002859452 0.998923659 91.531417847
0.998721242 0.008597382 -0.049818628 -2.874944925 -0.008398301 0.999955893 0.004204093 -1.954888463 0.049852587 -0.003780325 0.998749375 92.404632568
0.998545647 0.009055440 -0.053146940 -2.923653603 -0.008781753 0.999946892 0.005380930 -1.973192453 0.053192850 -0.004906380 0.998572171 93.245933533
0.998398423 0.010955022 -0.055502098 -2.983147860 -0.010594413 0.999920845 0.006787316 -1.987315893 0.055572063 -0.006188433 0.998435497 94.054092407
0.998226345 0.012233982 -0.058262568 -3.032735109 -0.011809460 0.999901116 0.007625127 -2.002811432 0.058350097 -0.006923553 0.998272181 94.849533081
0.998035312 0.014678649 -0.060910586 -3.085393667 -0.014204630 0.999865413 0.008207965 -2.019515753 0.061022878 -0.007326624 0.998109460 95.610450745
0.997842312 0.016280977 -0.063604526 -3.140623093 -0.015849516 0.999847829 0.007282214 -2.038485050 0.063713409 -0.006258400 0.997948647 96.340728760
0.997664094 0.017305145 -0.066081502 -3.198279619 -0.017118923 0.999847710 0.003383298 -2.047430515 0.066129982 -0.002244150 0.997808456 97.028259277
0.997433424 0.019765574 -0.068816639 -3.253027201 -0.019833606 0.999803245 -0.000305467 -2.061243057 0.068797059 0.001669565 0.997629166 97.693305969
0.997267723 0.021449514 -0.070688844 -3.310425520 -0.021716932 0.999759614 -0.003016569 -2.075388193 0.070607148 0.004543471 0.997493863 98.338485718
0.997166455 0.023608342 -0.071424454 -3.364238739 -0.023939610 0.999706209 -0.003785501 -2.092914343 0.071314104 0.005484648 0.997438788 98.965545654
0.997166693 0.025859846 -0.070637494 -3.415872097 -0.026158709 0.999652326 -0.003309019 -2.106099844 0.070527367 0.005147428 0.997496486 99.542198181
0.997283399 0.029890886 -0.067321561 -3.466595411 -0.030059014 0.999547005 -0.001485578 -2.129910231 0.067246668 0.003505162 0.997730196 100.124122620
0.997540712 0.032520525 -0.062086891 -3.493782520 -0.032596942 0.999468565 -0.000218058 -2.142486334 0.062046815 0.002241364 0.998070717 100.648178101
0.997955501 0.033612944 -0.054358155 -3.524609566 -0.033566408 0.999434948 0.001769000 -2.154248953 0.054386899 0.000059225 0.998519957 101.172027588
0.998422563 0.033367746 -0.045154884 -3.537452698 -0.033211492 0.999439538 0.004206320 -2.166649103 0.045269933 -0.002700023 0.998971164 101.673393250
0.998906851 0.032904204 -0.033202708 -3.548744917 -0.032748040 0.999449909 0.005236437 -2.176774025 0.033356749 -0.004143389 0.999434888 102.151679993
0.999287605 0.032244787 -0.019611727 -3.553424835 -0.032143351 0.999468327 0.005465771 -2.189505577 0.019777548 -0.004831489 0.999792695 102.609199524
0.999475181 0.032092638 -0.004410185 -3.549041748 -0.032072641 0.999475300 0.004534031 -2.201882839 0.004553381 -0.004390205 0.999979973 103.050544739
0.999453187 0.030370440 0.013073925 -3.520349503 -0.030390326 0.999537230 0.001324607 -2.213033199 -0.013027646 -0.001721204 0.999913633 103.475639343
0.998934686 0.030516442 0.034616362 -3.494275570 -0.030413937 0.999531329 -0.003484172 -2.220502853 -0.034706455 0.002427640 0.999394596 103.907196045
0.997896791 0.027876182 0.058522046 -3.442698479 -0.027433662 0.999588728 -0.008351509 -2.236874104 -0.058730781 0.006728471 0.998251140 104.291259766
0.995990634 0.025537243 0.085734226 -3.385771751 -0.024645161 0.999630690 -0.011447728 -2.246435642 -0.085994914 0.009288897 0.996252239 104.692527771
0.993024886 0.022829685 0.115673527 -3.313649178 -0.021488525 0.999686718 -0.012828298 -2.257750988 -0.115930155 0.010253167 0.993204474 105.085128784
0.988722086 0.020599980 0.148337662 -3.230669022 -0.018610248 0.999717355 -0.014789192 -2.271771908 -0.148600399 0.011861801 0.988826096 105.469108582
0.982798576 0.017977877 0.183803469 -3.132682800 -0.015268690 0.999752998 -0.016144361 -2.292615414 -0.184048310 0.013060218 0.982830346 105.830810547
0.974803984 0.014892405 0.222565830 -3.025068283 -0.011305344 0.999785006 -0.017382322 -2.300584793 -0.222776815 0.014428171 0.974762619 106.191879272
0.964934230 0.012654518 0.262186587 -2.904840469 -0.008258539 0.999806285 -0.017861780 -2.320502281 -0.262361854 0.015070165 0.964851797 106.513328552
0.952649236 0.013625267 0.303765982 -2.764421463 -0.008166421 0.999781549 -0.019233748 -2.336710691 -0.303961694 0.015842335 0.952552497 106.856803894
0.937320292 0.015456133 0.348125964 -2.632488251 -0.009073693 0.999759674 -0.019956734 -2.350144386 -0.348350734 0.015547065 0.937235296 107.154037476
0.919406593 0.016070616 0.392979980 -2.455528259 -0.009210231 0.999770582 -0.019336818 -2.361408234 -0.393200517 0.014158962 0.919343591 107.494270325
0.898910522 0.015003501 0.437875181 -2.274528503 -0.007787673 0.999802768 -0.018270321 -2.374760151 -0.438062906 0.013013355 0.898850024 107.807693481
0.875480652 0.013774168 0.483056724 -2.094135284 -0.005524643 0.999813616 -0.018496545 -2.395321608 -0.483221501 0.013524655 0.875393629 108.072982788
0.850025833 0.014687498 0.526536047 -1.884681702 -0.004143197 0.999766707 -0.021199394 -2.407395124 -0.526724577 0.015838493 0.849888444 108.352111816
0.822059870 0.016674366 0.569156826 -1.662895203 -0.003117816 0.999688029 -0.024784261 -2.424430132 -0.569392443 0.018599622 0.821855426 108.622886658
0.791062891 0.021281345 0.611364365 -1.425411224 -0.004355603 0.999565363 -0.029158613 -2.443093538 -0.611719191 0.020403437 0.790811777 108.886383057
0.757691801 0.027097352 0.652049661 -1.164581299 -0.007107083 0.999421000 -0.033274591 -2.455510378 -0.652573884 0.020577710 0.757445693 109.135726929
0.719635129 0.031844378 0.693621814 -0.897647858 -0.008961425 0.999290586 -0.036580205 -2.464980364 -0.694294631 0.020108560 0.719409883 109.387306213
0.681248188 0.032329302 0.731338263 -0.594924927 -0.006835566 0.999261796 -0.037805654 -2.480722189 -0.732020497 0.020755926 0.680966318 109.603279114
0.640765071 0.029403493 0.767173648 -0.279449463 -0.002429504 0.999338984 -0.036272511 -2.497473478 -0.767733097 0.021378305 0.640412986 109.788940430
0.597559094 0.028312460 0.801324904 0.043136597 0.000608400 0.999360085 -0.035763141 -2.489350557 -0.801824570 0.021858117 0.597159505 109.965675354
0.551286101 0.026827643 0.833885014 0.385509491 0.002257145 0.999431252 -0.033645801 -2.499317408 -0.834313273 0.020430658 0.550911963 110.149276733
0.503391206 0.024373280 0.863714874 0.739517212 0.004043156 0.999524653 -0.030562157 -2.514773130 -0.864049137 0.018876856 0.503053546 110.308563232
0.452284217 0.020488091 0.891638637 1.108604431 0.007151331 0.999620616 -0.026596833 -2.531474113 -0.891845226 0.018405726 0.451966107 110.461364746
0.399802625 0.021038448 0.916359723 1.450180054 0.003079010 0.999700129 -0.024295185 -2.557160854 -0.916596055 0.012534762 0.399618000 110.580154419
0.348305345 0.025992952 0.937020719 1.831729889 -0.000272164 0.999618232 -0.027628237 -2.573349953 -0.937381148 0.009368041 0.348179400 110.693298340
0.298257589 0.030889358 0.953985512 2.215494156 -0.000359531 0.999479771 -0.032250028 -2.590008736 -0.954485297 0.009275828 0.298113555 110.775733948
0.251676857 0.033035513 0.967247367 2.615409851 0.001473231 0.999403059 -0.034517094 -2.603729486 -0.967810214 0.010112133 0.251477867 110.846847534
0.210570484 0.032722887 0.977030933 3.034406662 0.008718353 0.999337018 -0.035348956 -2.623918533 -0.977539778 0.015961546 0.210145578 110.897842407
0.175101906 0.032762561 0.984005094 3.473379135 0.016496696 0.999208272 -0.036204308 -2.637618542 -0.984412193 0.022572272 0.174422726 110.946464539
0.144644111 0.033674471 0.988910556 3.888654709 0.021704784 0.999072313 -0.037195176 -2.659257889 -0.989245534 0.026844153 0.143779039 110.982620239
0.116688594 0.031883329 0.992656589 4.359676361 0.020056130 0.999205172 -0.034451298 -2.680802822 -0.992965937 0.023928922 0.115956396 111.020858765
0.091040149 0.028419983 0.995441556 4.851722717 0.014239524 0.999453366 -0.029836822 -2.695502758 -0.995745361 0.016890960 0.090585724 111.063827515
0.067346662 0.024469767 0.997429490 5.356923103 0.009416664 0.999639153 -0.025159784 -2.714854717 -0.997685134 0.011086886 0.067091934 111.091819763
0.044804126 0.022109266 0.998751104 5.884652615 0.013237962 0.999654114 -0.022723116 -2.737828016 -0.998907983 0.014239521 0.044495963 111.100814819
0.024630994 0.022670358 0.999439478 6.420161247 0.021696262 0.999495268 -0.023206325 -2.760916710 -0.999461055 0.022255693 0.024126709 111.084846497
0.006755233 0.025387036 0.999655008 6.975092411 0.025696909 0.999343097 -0.025552772 -2.780683041 -0.999646962 0.025860650 0.006098429 111.088348389
-0.007647415 0.030825350 0.999495625 7.547412872 0.026097152 0.999190509 -0.030616261 -2.794387102 -0.999630213 0.025849851 -0.008445676 111.077209473
-0.018495189 0.035553455 0.999196649 8.146573067 0.024269029 0.999089062 -0.035100408 -2.806360722 -0.999534369 0.023600340 -0.019341186 111.069046021
-0.025110029 0.035337526 0.999059916 8.774759293 0.026279470 0.999053061 -0.034676783 -2.826870203 -0.999339163 0.025384031 -0.026014902 111.053245544
-0.027250737 0.032197472 0.999109983 9.413457870 0.032444242 0.998983026 -0.031308465 -2.853668451 -0.999101937 0.031562179 -0.028267642 111.020439148
-0.026557606 0.030437471 0.999183774 10.071337700 0.033815894 0.998991668 -0.029532807 -2.879288912 -0.999075055 0.033003971 -0.027560098 110.997154236
-0.024965340 0.029943392 0.999239743 10.737733841 0.032414120 0.999050021 -0.029127853 -2.908064604 -0.999162674 0.031662278 -0.025912208 110.987129211
-0.023232546 0.030376595 0.999268651 11.445139885 0.029433699 0.999125838 -0.029687939 -2.935070753 -0.999296725 0.028722445 -0.024106333 110.978164673
-0.022037305 0.031689916 0.999254823 12.160351753 0.028604060 0.999108374 -0.031054439 -2.955925465 -0.999347925 0.027898392 -0.022924112 110.967224121
-0.021511428 0.032454804 0.999241769 12.879112244 0.027988844 0.999100745 -0.031847689 -2.987190723 -0.999376893 0.027282530 -0.022400456 110.965133667
-0.020857239 0.031953357 0.999271810 13.628760338 0.027295204 0.999134839 -0.031379264 -3.014659882 -0.999409854 0.026620841 -0.021711364 110.960227966
-0.019913211 0.030846799 0.999325693 14.390769958 0.026288072 0.999194503 -0.030318910 -3.043824434 -0.999456108 0.025666595 -0.020708075 110.937232971
-0.019345682 0.029721797 0.999370933 15.157719612 0.027090862 0.999206662 -0.029192485 -3.072659969 -0.999445796 0.026509074 -0.020135522 110.924049377
-0.019938095 0.027309228 0.999428213 15.939918518 0.027733156 0.999257326 -0.026751298 -3.105382204 -0.999416471 0.027183931 -0.020680655 110.909492493
-0.021014052 0.025552627 0.999452651 16.735780716 0.024767281 0.999379814 -0.025030024 -3.138323545 -0.999472320 0.024227744 -0.021633888 110.899200439
-0.022450952 0.024580102 0.999445796 17.525886536 0.024345728 0.999414742 -0.024032457 -3.165161371 -0.999451399 0.023792684 -0.023036230 110.887138367
-0.023435399 0.021917913 0.999485016 18.321842194 0.027224537 0.999402881 -0.021277763 -3.194428921 -0.999354601 0.026711864 -0.024018111 110.863113403
-0.024656510 0.020612482 0.999483466 19.138084412 0.028343370 0.999399900 -0.019911550 -3.217170477 -0.999294102 0.027837778 -0.025225943 110.844276428
-0.026526077 0.019636346 0.999455214 19.965812683 0.025721401 0.999489427 -0.018954357 -3.250526428 -0.999317110 0.025204606 -0.027017605 110.830978394
-0.027585981 0.024399519 0.999321640 20.787015915 0.022328587 0.999467671 -0.023786712 -3.277626991 -0.999369979 0.021657264 -0.028116101 110.816093445
-0.028035654 0.029081304 0.999183774 21.620361328 0.024328308 0.999300659 -0.028402075 -3.309218407 -0.999310791 0.023512186 -0.028723547 110.787704468
-0.029378485 0.030810198 0.999093413 22.461698532 0.024250751 0.999252677 -0.030102009 -3.340451241 -0.999274135 0.023344414 -0.030103700 110.768394470
-0.031350199 0.028492350 0.999102235 23.307073593 0.020917799 0.999393523 -0.027844284 -3.374053955 -0.999289453 0.020026099 -0.031927183 110.756629944
-0.032502394 0.024310656 0.999175847 24.157426834 0.017830228 0.999559104 -0.023739977 -3.411409616 -0.999312520 0.017043928 -0.032921530 110.741424561
-0.032271963 0.018737447 0.999303460 25.004190445 0.016793044 0.999693334 -0.018202431 -3.449533224 -0.999338031 0.016193919 -0.032576721 110.707359314
-0.032196663 0.013026755 0.999396622 25.854671478 0.013070411 0.999835134 -0.012611391 -3.476203680 -0.999396026 0.012656480 -0.032361612 110.682060242
-0.032253955 0.011325108 0.999415517 26.702024460 0.010495747 0.999884486 -0.010991693 -3.510103703 -0.999424577 0.010135085 -0.032369100 110.668533325
-0.031667188 0.018453684 0.999328077 27.535572052 0.012922944 0.999753594 -0.018052028 -3.541293621 -0.999414921 0.012342603 -0.031897858 110.648292542
-0.030201789 0.029356355 0.999112666 28.360012054 0.015723681 0.999458909 -0.028891221 -3.575494289 -0.999420166 0.014837162 -0.030647034 110.614479065
-0.029639840 0.035294890 0.998937190 29.198768616 0.017724128 0.999237835 -0.034779601 -3.598320007 -0.999403477 0.016674429 -0.030242817 110.597190857
-0.028384728 0.029607097 0.999158382 30.039741516 0.019374002 0.999389768 -0.029063564 -3.637533665 -0.999409258 0.018532736 -0.028941019 110.575111389
-0.027408380 0.022226842 0.999377072 30.877101898 0.022293683 0.999517679 -0.021618549 -3.672476292 -0.999375641 0.021687267 -0.027890677 110.551597595
-0.027526652 0.019260418 0.999435484 31.707942963 0.022652676 0.999569654 -0.018639097 -3.706734896 -0.999364257 0.022126816 -0.027951110 110.534980774
-0.027034398 0.019474965 0.999444664 32.526042938 0.022394108 0.999571085 -0.018871676 -3.742263317 -0.999383628 0.021871489 -0.027458923 110.512718201
-0.028244691 0.020550475 0.999389768 33.342803955 0.019264391 0.999614120 -0.020010639 -3.771213770 -0.999415398 0.018687442 -0.028629687 110.499320984
-0.030309454 0.020715976 0.999325752 34.158927917 0.017840130 0.999637187 -0.020181339 -3.801291943 -0.999381363 0.017216416 -0.030668028 110.484573364
-0.032895677 0.020535966 0.999247730 34.986873627 0.016259607 0.999667585 -0.020009318 -3.835554123 -0.999326468 0.015589156 -0.033218645 110.474403381
-0.034683917 0.020854970 0.999180675 35.776466370 0.015754566 0.999669373 -0.020318294 -3.866830587 -0.999274135 0.015036939 -0.035001006 110.441795349
-0.036965884 0.021355877 0.999088347 36.583774567 0.013980694 0.999684811 -0.020851349 -3.896121502 -0.999218702 0.013197158 -0.037252799 110.420959473
-0.039223343 0.020674288 0.999016523 37.384613037 0.012209246 0.999721289 -0.020209514 -3.923242807 -0.999155819 0.011404555 -0.039464824 110.394859314
-0.040697910 0.019414896 0.998982787 38.170051575 0.012345727 0.999744654 -0.018926745 -3.956808329 -0.999095142 0.011562891 -0.040927209 110.356246948
-0.042681519 0.018850010 0.998910844 38.957553864 0.011239329 0.999767780 -0.018385947 -3.997019529 -0.999025464 0.010442348 -0.042883456 110.328788757
-0.044276956 0.019973604 0.998819590 39.739017487 0.011487861 0.999744236 -0.019482849 -4.023596287 -0.998953223 0.010611663 -0.044495083 110.293937683
-0.045678146 0.020249462 0.998750985 40.535743713 0.011885383 0.999734879 -0.019725829 -4.052742958 -0.998885512 0.010969499 -0.045906700 110.271850586
-0.046759780 0.019386344 0.998718083 41.311122894 0.013567620 0.999731719 -0.018770790 -4.077743530 -0.998813987 0.012672509 -0.047010258 110.235321045
-0.048075173 0.018530859 0.998671889 42.095531464 0.015216917 0.999725521 -0.017817883 -4.106854439 -0.998727798 0.014340106 -0.048343949 110.200874329
-0.049498972 0.017857432 0.998614430 42.830600739 0.012665552 0.999770999 -0.017250307 -4.144586563 -0.998693824 0.011794131 -0.049713809 110.166038513
-0.050939657 0.016970010 0.998557448 43.585517883 0.010974287 0.999804795 -0.016431371 -4.169842243 -0.998641431 0.010121445 -0.051115945 110.137672424
-0.051700827 0.015603626 0.998540640 44.323818207 0.009813162 0.999837637 -0.015115799 -4.199077129 -0.998614430 0.009017341 -0.051845551 110.108345032
-0.052690908 0.015268236 0.998494089 45.038036346 0.010165072 0.999839485 -0.014752394 -4.226621628 -0.998559177 0.009372448 -0.052837662 110.074882507
-0.052844223 0.018242264 0.998436093 45.740104675 0.010439002 0.999788642 -0.017714469 -4.250706196 -0.998548210 0.009486567 -0.053023484 110.043922424
-0.052473102 0.020883916 0.998403907 46.448326111 0.010390006 0.999738634 -0.020365767 -4.276882172 -0.998568177 0.009304769 -0.052676365 110.002807617
-0.052644275 0.022553291 0.998358607 47.145366669 0.008689244 0.999717474 -0.022125792 -4.303272724 -0.998575449 0.007510187 -0.052825361 109.972747803
-0.052772339 0.023133738 0.998338521 47.839351654 0.008411861 0.999706447 -0.022720782 -4.333527565 -0.998571098 0.007198857 -0.052951444 109.938240051
-0.052930195 0.022829268 0.998337209 48.542499542 0.010220494 0.999698579 -0.022318525 -4.364344597 -0.998545825 0.009022175 -0.053147577 109.904785156
-0.053166214 0.022091236 0.998341262 49.230384827 0.010032916 0.999716520 -0.021587368 -4.394284725 -0.998535216 0.008868555 -0.053372789 109.869895935
-0.053882800 0.022605222 0.998291314 49.926792145 0.006597398 0.999729991 -0.022281701 -4.417504787 -0.998525441 0.005385525 -0.054017387 109.848716736
-0.054034885 0.022775209 0.998279214 50.610588074 0.004154126 0.999736249 -0.022583596 -4.448106766 -0.998530328 0.002926676 -0.054115254 109.824882507
-0.054030117 0.021361124 0.998310745 51.291942596 0.006566553 0.999757171 -0.021036679 -4.474247456 -0.998517692 0.005418846 -0.054157261 109.793060303
-0.054186717 0.020762660 0.998314917 51.950366974 0.006642568 0.999769151 -0.020432359 -4.500498295 -0.998508692 0.005524212 -0.054312129 109.742324829
-0.057890564 0.019991275 0.998122692 52.623317719 0.002931544 0.999798477 -0.019854814 -4.529621601 -0.998318553 0.001776634 -0.057937503 109.712425232
-0.063296482 0.019380471 0.997806549 53.295894623 -0.000967107 0.999809802 -0.019480728 -4.558902264 -0.997994244 -0.002198047 -0.063265696 109.680862427
-0.068991624 0.023578292 0.997338533 53.953426361 0.003574464 0.999720156 -0.023387324 -4.580348015 -0.997610807 0.001951422 -0.069056593 109.631645203
-0.074808620 0.026573241 0.996843815 54.628246307 0.006553584 0.999636292 -0.026155869 -4.602999687 -0.997176349 0.004576216 -0.074955568 109.563507080
-0.082960799 0.028054263 0.996157944 55.322944641 0.004377141 0.999604225 -0.027786795 -4.631723881 -0.996543169 0.002055108 -0.083050765 109.521476746
-0.088829875 0.026810745 0.995685935 55.968074799 0.000971372 0.999639511 -0.026830541 -4.668665409 -0.996046245 -0.001416171 -0.088823892 109.459968567
-0.093957677 0.025834991 0.995240986 56.657325745 0.001068411 0.999665320 -0.025848975 -4.693520546 -0.995575547 -0.001365383 -0.093953840 109.395431519
-0.098759562 0.026311215 0.994763494 57.349014282 -0.001400887 0.999645770 -0.026579430 -4.722276688 -0.995110214 -0.004018524 -0.098687716 109.333465576
-0.102974318 0.025806846 0.994349182 58.038650513 -0.003637969 0.999646962 -0.026321081 -4.746417522 -0.994677305 -0.006327807 -0.102844067 109.270545959
-0.105251104 0.021540282 0.994212329 58.741653442 -0.004086288 0.999747574 -0.022092789 -4.783546448 -0.994437277 -0.006387928 -0.105136521 109.192764282
-0.106817365 0.018407077 0.994108319 59.460224152 -0.001821113 0.999823332 -0.018708572 -4.813176155 -0.994277000 -0.003808785 -0.106764987 109.114173889
-0.108655140 0.016731717 0.993938804 60.166313171 -0.001532231 0.999854267 -0.016998803 -4.830491066 -0.994078219 -0.003369950 -0.108613685 109.041076660
-0.109800495 0.016594172 0.993815124 60.891693115 -0.002428022 0.999853075 -0.016963249 -4.851250648 -0.993950665 -0.004275578 -0.109744072 108.965545654
-0.110447817 0.020377796 0.993672907 61.625659943 -0.000750254 0.999787807 -0.020586587 -4.873835087 -0.993881524 -0.003019252 -0.110409088 108.891189575
-0.110627696 0.023785077 0.993577242 62.363906860 0.004826870 0.999714613 -0.023394562 -4.907760143 -0.993850172 0.002207781 -0.110710934 108.805519104
-0.111381009 0.028795363 0.993360519 63.104530334 0.011821568 0.999547780 -0.027649218 -4.938540459 -0.993707359 0.008663479 -0.111671068 108.713493347
-0.111987032 0.029917298 0.993259251 63.853580475 0.013153451 0.999503672 -0.028622376 -4.965764523 -0.993622601 0.009859450 -0.112324990 108.626625061
-0.112257302 0.027424784 0.993300617 64.604270935 0.010941779 0.999592543 -0.026361924 -4.997220993 -0.993618965 0.007909159 -0.112511635 108.549942017
-0.112322770 0.022417355 0.993418872 65.352355957 0.011592391 0.999706984 -0.021248538 -5.027608395 -0.993604183 0.009129405 -0.112549730 108.468650818
-0.112305671 0.020759076 0.993456900 66.102996826 0.013318971 0.999723375 -0.019384373 -5.054777145 -0.993584394 0.011054849 -0.112551108 108.382019043
-0.113065213 0.020277485 0.993380725 66.836135864 0.014257645 0.999722064 -0.018784143 -5.084900856 -0.993485212 0.012039439 -0.113322906 108.294036865
-0.114664838 0.021034362 0.993181407 67.581481934 0.012833523 0.999723911 -0.019691261 -5.112998009 -0.993321300 0.010488123 -0.114903092 108.214668274
-0.117067844 0.021724043 0.992886186 68.316802979 0.011897357 0.999719679 -0.020470778 -5.140152454 -0.993052661 0.009416253 -0.117293477 108.135330200
-0.119460091 0.022045121 0.992594182 69.058975220 0.012994045 0.999702573 -0.020639142 -5.166986465 -0.992753923 0.010432260 -0.119711004 108.049484253
-0.121444270 0.022347257 0.992346704 69.802803040 0.013171856 0.999694705 -0.020900752 -5.192735195 -0.992510796 0.010532771 -0.121701553 107.961990356
-0.123216495 0.021886326 0.992138326 70.545288086 0.012943975 0.999707162 -0.020445742 -5.219429970 -0.992295384 0.010322961 -0.123463705 107.865928650
-0.124923803 0.022107864 0.991919935 71.296218872 0.010654598 0.999723971 -0.020939944 -5.247042656 -0.992109060 0.007952611 -0.125124857 107.778465271
-0.125981450 0.023681162 0.991749883 72.046600342 0.010664259 0.999689698 -0.022516064 -5.275284767 -0.991975367 0.007739671 -0.126194879 107.686866760
-0.126675338 0.023856517 0.991657257 72.803909302 0.009563691 0.999693751 -0.022828173 -5.302498817 -0.991898119 0.006592137 -0.126864657 107.591812134
-0.127883270 0.023872692 0.991501808 73.568832397 0.008990273 0.999697089 -0.022910450 -5.334672451 -0.991748512 0.005984007 -0.128059134 107.493743896
-0.129284635 0.022768304 0.991346061 74.359886169 0.010047970 0.999715269 -0.021650122 -5.352968216 -0.991556585 0.007161989 -0.129476577 107.404212952
-0.130092859 0.020378323 0.991292298 75.141143799 0.008023161 0.999777794 -0.019499835 -5.379354954 -0.991469324 0.005416509 -0.130227417 107.306068420
-0.132278159 0.018578587 0.991038442 75.929069519 0.004484756 0.999825299 -0.018144710 -5.402240753 -0.991202474 0.002044416 -0.132338375 107.214515686
-0.134297073 0.017681411 0.990783334 76.712341309 0.005723218 0.999837995 -0.017067237 -5.431953430 -0.990924537 0.003378390 -0.134376496 107.104682922
-0.135745317 0.018527618 0.990570426 77.508369446 0.007112366 0.999817550 -0.017725911 -5.455397606 -0.990718186 0.004639090 -0.135852337 106.998298645
-0.138129890 0.020044418 0.990211248 78.305480957 0.006468102 0.999792159 -0.019336088 -5.477704048 -0.990392983 0.003733896 -0.138230816 106.889785767
-0.139827311 0.022951536 0.989909828 79.096015930 0.007532520 0.999727130 -0.022115164 -5.514461994 -0.990147233 0.004364212 -0.139962032 106.781349182
-0.140010789 0.026898056 0.989784598 79.898376465 0.009890743 0.999619186 -0.025766216 -5.543377876 -0.990100503 0.006182157 -0.140223473 106.665290833
-0.141300380 0.030770579 0.989488363 80.732917786 0.010786873 0.999505341 -0.029541699 -5.582766533 -0.989907920 0.006499232 -0.141562432 106.551918030
-0.141294017 0.032109208 0.989446759 81.559257507 0.013033583 0.999447644 -0.030572539 -5.614667416 -0.989881814 0.008576320 -0.141634494 106.438034058
-0.140437588 0.031079931 0.989601552 82.387138367 0.016254812 0.999444842 -0.029082296 -5.654722214 -0.989956081 0.012001541 -0.140864834 106.318161011
-0.140223607 0.029083602 0.989692628 83.217567444 0.017157944 0.999489844 -0.026940499 -5.692495823 -0.989971161 0.013203393 -0.140651092 106.196319580
-0.139159188 0.027614772 0.989884853 84.052742004 0.016231300 0.999540508 -0.025602313 -5.724208832 -0.990136921 0.012504321 -0.139543459 106.079032898
-0.138067916 0.024976820 0.990107775 84.908798218 0.015322625 0.999616146 -0.023079984 -5.761296272 -0.990304232 0.011984445 -0.138397619 105.980659485
-0.136801273 0.022071604 0.990352690 85.766281128 0.015778990 0.999673426 -0.020099722 -5.789308548 -0.990472853 0.012877096 -0.137104839 105.872947693
-0.135090932 0.018668976 0.990657330 86.615432739 0.016209127 0.999730229 -0.016629603 -5.820518970 -0.990700603 0.013811181 -0.135357112 105.757652283
-0.133053169 0.018349336 0.990939021 87.457168579 0.014447986 0.999758244 -0.016572721 -5.852539062 -0.991003573 0.012112021 -0.133286104 105.648223877
-0.131796539 0.022452476 0.991022408 88.311294556 0.015171063 0.999672055 -0.020630836 -5.885389328 -0.991160750 0.012315793 -0.132093906 105.540420532
-0.129676938 0.028736062 0.991139829 89.160003662 0.016001886 0.999510407 -0.026885128 -5.915720940 -0.991427183 0.012373725 -0.130073279 105.427978516
-0.128346041 0.032317296 0.991202772 90.013542175 0.013768592 0.999430716 -0.030802730 -5.946201324 -0.991633773 0.009694056 -0.128717929 105.325256348
-0.126776904 0.029741339 0.991485298 90.875305176 0.012422909 0.999519706 -0.028393878 -5.982613564 -0.991853356 0.008717443 -0.127085507 105.219139099
