1.000000000 0.000000000 0.000000000 0.000000000 0.000000000 1.000000000 0.000000000 0.000000000 0.000000000 0.000000000 1.000000000 0.000000000
0.999995470 0.002998705 0.000135242 -0.005608786 -0.002998884 0.999994576 0.001341750 -0.012285311 -0.000131217 -0.001342150 0.999999106 0.772836447
0.999985397 0.005376682 0.000589775 -0.012825781 -0.005377839 0.999983609 0.001977706 -0.030667527 -0.000579132 -0.001980848 0.999997854 1.537561417
0.999977827 0.006550002 0.001142839 -0.021456691 -0.006552114 0.999976814 0.001853389 -0.048856992 -0.001130672 -0.001860836 0.999997616 2.272718906
0.999962866 0.008554852 0.001042565 -0.024724767 -0.008556464 0.999962270 0.001551903 -0.061843660 -0.001029250 -0.001560766 0.999998212 3.000327826
0.999959946 0.008781446 0.001714020 -0.034791522 -0.008783513 0.999960721 0.001201825 -0.073718786 -0.001703399 -0.001216832 0.999997735 3.714253902
0.999958158 0.008975927 0.001731093 -0.029202448 -0.008979391 0.999957740 0.002003271 -0.086189665 -0.001713039 -0.002018732 0.999996483 4.410214424
0.999946833 0.009893653 0.002886426 -0.048747152 -0.009908404 0.999937654 0.005141707 -0.103150897 -0.002835376 -0.005170033 0.999982655 5.080097198
0.999943495 0.009727486 0.004291662 -0.042638861 -0.009765064 0.999913335 0.008822905 -0.106402248 -0.004205467 -0.008864314 0.999951780 5.749895573
0.999943972 0.009063120 0.005471949 -0.037077654 -0.009129891 0.999882579 0.012303378 -0.116219886 -0.005359800 -0.012352647 0.999909341 6.382086277
0.999942601 0.008335264 0.006732800 -0.041689225 -0.008432952 0.999857664 0.014613524 -0.125914305 -0.006610034 -0.014669461 0.999870539 6.983814716
0.999930620 0.009071063 0.007509821 -0.027269952 -0.009178817 0.999853611 0.014440866 -0.133778125 -0.007377728 -0.014508797 0.999867499 7.566546917
0.999918103 0.009643638 0.008422042 -0.023738071 -0.009743861 0.999881268 0.011941023 -0.143874586 -0.008305887 -0.012022108 0.999893188 8.118760109
0.999909282 0.009627612 0.009415629 -0.025438666 -0.009712066 0.999912679 0.008965418 -0.147396699 -0.009328492 -0.009056050 0.999915481 8.649072647
0.999909699 0.008007183 0.010795571 -0.011046775 -0.008088853 0.999938905 0.007542766 -0.155932143 -0.010734516 -0.007629409 0.999913216 9.155210495
0.999908209 0.004059555 0.012926862 -0.005904138 -0.004125158 0.999978781 0.005052243 -0.159638941 -0.012906076 -0.005105107 0.999903619 9.616561890
0.999886990 0.002400233 0.014841433 0.001143262 -0.002461845 0.999988437 0.004134451 -0.167719156 -0.014831339 -0.004170521 0.999881327 10.055416107
0.999836862 0.006719221 0.016761983 0.006274253 -0.006754447 0.999975145 0.002045763 -0.177394792 -0.016747819 -0.002158648 0.999857366 10.470134735
0.999740720 0.011174423 0.019842269 0.006221429 -0.011204887 0.999936223 0.001424824 -0.185685158 -0.019825080 -0.001646785 0.999802113 10.859051704
0.999679506 0.011294979 0.022656249 0.019422844 -0.011356147 0.999932170 0.002573051 -0.195567697 -0.022625651 -0.002829515 0.999740005 11.204939842
0.999640226 0.006862340 0.025929887 0.036083430 -0.006947117 0.999970853 0.003180777 -0.203764558 -0.025907302 -0.003359771 0.999658763 11.526371002
0.999584615 0.002931802 0.028670961 0.048662901 -0.003009808 0.999991894 0.002677948 -0.202561617 -0.028662877 -0.002763130 0.999585330 11.810945511
0.999517739 -0.000608346 0.031045776 0.062990248 0.000481849 0.999991536 0.004081853 -0.209260374 -0.031047996 -0.004064925 0.999509573 12.067679405
0.999438703 -0.000984207 0.033488154 0.074007392 0.000811720 0.999986291 0.005163865 -0.214961559 -0.033492777 -0.005133783 0.999425769 12.300236702
0.999364376 -0.000412758 0.035646856 0.080180466 0.000263240 0.999991238 0.004199014 -0.219838247 -0.035648279 -0.004186961 0.999355614 12.506843567
0.999303520 0.000416677 0.037313305 0.097781926 -0.000529736 0.999995351 0.003020166 -0.227627933 -0.037311867 -0.003037829 0.999299049 12.703047752
0.999178648 0.002873252 0.040422119 0.095485449 -0.002963417 0.999993265 0.002170844 -0.233367503 -0.040415607 -0.002288848 0.999180377 12.856991768
0.999096215 0.005850450 0.042103857 0.097925007 -0.005918039 0.999981403 0.001480825 -0.238327026 -0.042094413 -0.001728659 0.999112129 13.030983925
0.999035239 0.007114805 0.043336637 0.104375154 -0.007125045 0.999974608 0.000081832 -0.245889574 -0.043334953 -0.000390529 0.999060571 13.181467056
0.998943865 0.006237158 0.045523304 0.110728770 -0.006171176 0.999979734 -0.001589820 -0.253479689 -0.045532294 0.001307209 0.998962104 13.333990097
0.998870254 0.005272485 0.047226571 0.109345257 -0.005133137 0.999982119 -0.003071425 -0.256065458 -0.047241919 0.002825535 0.998879433 13.474044800
0.998817086 0.004292711 0.048435014 0.126029730 -0.004101693 0.999983370 -0.004042509 -0.257375330 -0.048451565 0.003839062 0.998818159 13.610912323
0.998762250 0.004793929 0.049506109 0.138309360 -0.004532495 0.999975204 -0.005391750 -0.260718286 -0.049530726 0.005160688 0.998759270 13.748324394
0.998678446 0.005658024 0.051080529 0.140046835 -0.005294713 0.999959826 -0.007245016 -0.268174052 -0.051119462 0.006964985 0.998668253 13.864030838
0.998620629 0.005918430 0.052171178 0.143571854 -0.005408442 0.999936283 -0.009911045 -0.265323550 -0.052226514 0.009615209 0.998588920 13.990201950
0.998593867 0.005099006 0.052764110 0.154117823 -0.004475439 0.999918878 -0.011929415 -0.272075862 -0.052820660 0.011676500 0.998535752 14.113738060
0.998617470 0.004485758 0.052373108 0.160222769 -0.003771197 0.999898672 -0.013734512 -0.274751961 -0.052429408 0.013518015 0.998533070 14.239248276
0.998728812 0.003906518 0.050254446 0.165630519 -0.003148737 0.999880373 -0.015149206 -0.277847409 -0.050307617 0.014971711 0.998621523 14.364501953
0.998881519 0.003588444 0.047145769 0.170895278 -0.002850406 0.999872506 -0.015712267 -0.283820331 -0.047196146 0.015560308 0.998764455 14.490445137
0.999056041 0.004674732 0.043185122 0.172844440 -0.003927120 0.999841273 -0.017380426 -0.279784739 -0.043259509 0.017194431 0.998915911 14.617262840
0.999296248 0.004359068 0.037252374 0.173386484 -0.003674459 0.999823511 -0.018426320 -0.284439147 -0.037326124 0.018276474 0.999135971 14.752315521
0.999528348 0.004101088 0.030434608 0.171321750 -0.003520542 0.999811292 -0.019104315 -0.290565729 -0.030507220 0.018988155 0.999354184 14.871948242
0.999714673 0.004239903 0.023503300 0.162521303 -0.003776983 0.999798715 -0.019705452 -0.293405116 -0.023582119 0.019611059 0.999529541 14.999007225
0.999877274 0.004068265 0.015118655 0.163567558 -0.003754913 0.999778748 -0.020697001 -0.293670446 -0.015199509 0.020637693 0.999671519 15.132520676
0.999981463 0.003423844 0.005027566 0.155681372 -0.003312359 0.999752045 -0.022018008 -0.295817494 -0.005101707 0.022000946 0.999744892 15.260753632
0.999965668 0.001659103 -0.008111991 0.147898465 -0.001849520 0.999721646 -0.023522591 -0.299784780 0.008070711 0.023536786 0.999690354 15.408573151
0.999716282 0.000630206 -0.023808220 0.124166697 -0.001237544 0.999674082 -0.025503498 -0.304624617 0.023784386 0.025525728 0.999391139 15.545554161
0.999068916 0.001339708 -0.043120958 0.097470701 -0.002488526 0.999643147 -0.026599115 -0.306411803 0.043069936 0.026681654 0.998715639 15.720600128
0.997876883 0.001946590 -0.065100193 0.064612269 -0.003649661 0.999653876 -0.026052095 -0.313334614 0.065026954 0.026234377 0.997538567 15.903438568
0.996072948 0.002377951 -0.088504359 0.020401835 -0.004608958 0.999676526 -0.025012067 -0.315351158 0.088416256 0.025321757 0.995761693 16.106348038
0.993336320 0.003631078 -0.115194485 -0.032972813 -0.006340623 0.999711692 -0.023163788 -0.323780090 0.115077153 0.023739841 0.993072867 16.322877884
0.989436984 0.004488433 -0.144893736 -0.110977650 -0.007588780 0.999753714 -0.020851776 -0.332066178 0.144764468 0.021731088 0.989227474 16.551689148
0.984015822 0.004481412 -0.178025395 -0.171906233 -0.007693052 0.999819756 -0.017354149 -0.340221077 0.177915558 0.018446311 0.983872831 16.778076172
0.976651847 0.005547337 -0.214756981 -0.262404680 -0.008646452 0.999871492 -0.013494086 -0.342886150 0.214654535 0.015035908 0.976574302 17.031082153
0.967000306 0.007136385 -0.254675359 -0.367199183 -0.009566497 0.999919772 -0.008304656 -0.344880849 0.254595667 0.010466955 0.966990888 17.293018341
0.955223441 0.011110865 -0.295676738 -0.503983498 -0.012640530 0.999914765 -0.003262398 -0.349971771 0.295615256 0.006853828 0.955282509 17.573240280
0.940986454 0.014301024 -0.338141769 -0.623985291 -0.014822062 0.999889553 0.001041230 -0.351919025 0.338119298 0.004032176 0.941094637 17.830589294
0.924234629 0.016976375 -0.381447524 -0.775519848 -0.015475572 0.999855757 0.007001929 -0.359270811 0.381511390 -0.000568307 0.924364030 18.107671738
0.904913962 0.020128366 -0.425118148 -0.949172020 -0.015483968 0.999776721 0.014377676 -0.359519780 0.425312638 -0.006428046 0.905023694 18.396846771
0.883190691 0.024581973 -0.468369365 -1.140036583 -0.016592178 0.999638021 0.021177769 -0.362705022 0.468720436 -0.010932744 0.883278906 18.670480728
0.858275533 0.030268658 -0.512295723 -1.329273224 -0.019845674 0.999469936 0.025804548 -0.365730941 0.512805223 -0.011980560 0.858421445 18.930671692
0.830338657 0.033226460 -0.556267798 -1.556859970 -0.020325284 0.999362528 0.029353501 -0.362410128 0.556888342 -0.013067046 0.830484509 19.203853607
0.799583375 0.036962584 -0.599416554 -1.817094803 -0.022757880 0.999252200 0.031260587 -0.359394610 0.600123703 -0.011353998 0.799826682 19.474456787
0.765579641 0.039791565 -0.642109454 -2.077523232 -0.023084234 0.999141693 0.034393825 -0.353503764 0.642926931 -0.011508608 0.765841186 19.738483429
0.728504717 0.043501038 -0.683658183 -2.376295090 -0.024223570 0.998993456 0.037753183 -0.333699942 0.684612393 -0.010942725 0.728825212 20.009445190
0.689941943 0.043739658 -0.722541988 -2.725234032 -0.021557257 0.998971641 0.039888915 -0.310951829 0.723543644 -0.011945008 0.690175176 20.282402039
0.648669720 0.043465722 -0.759827852 -3.073583603 -0.019055223 0.998982430 0.040878918 -0.295615494 0.760831416 -0.012038223 0.648837924 20.543836594
0.607211113 0.042311016 -0.793413222 -3.461215973 -0.013851437 0.998992980 0.042673431 -0.282147467 0.794419765 -0.014921870 0.607185721 20.778137207
0.561447144 0.042593449 -0.826415718 -3.859030724 -0.008740424 0.998923898 0.045546483 -0.271812975 0.827466428 -0.018348718 0.561215281 21.036930084
0.514155746 0.043863948 -0.856574535 -4.292754173 -0.006780676 0.998868048 0.047080524 -0.248618186 0.857670069 -0.018398564 0.513871193 21.264839172
0.465081304 0.043448791 -0.884201169 -4.762742996 -0.005692717 0.998920918 0.046091698 -0.226895034 0.885249674 -0.016402878 0.464826792 21.459152222
0.412299484 0.042532995 -0.910054982 -5.234788418 0.000068584 0.998908103 0.046716772 -0.211239398 0.911048353 -0.019323722 0.411846399 21.647317886
0.358135760 0.041553903 -0.932744324 -5.734137058 0.005576754 0.998896062 0.046642218 -0.191130400 0.933652818 -0.021905934 0.357508659 21.813125610
0.304391861 0.040497772 -0.951685607 -6.271118641 0.008314775 0.998944759 0.045168266 -0.166669846 0.952510536 -0.021661907 0.303733945 21.949913025
0.251703352 0.046320405 -0.966695309 -6.836225986 0.008608326 0.998707294 0.050095692 -0.132211447 0.967766106 -0.020930884 0.250979245 22.057666779
0.200234786 0.051310893 -0.978403389 -7.415806293 0.011185037 0.998442829 0.054650903 -0.105310619 0.979684055 -0.021886490 0.199349046 22.139698029
0.152046189 0.052386153 -0.986984134 -8.024259567 0.016202411 0.998328030 0.055484261 -0.075368226 0.988240600 -0.024427695 0.150943190 22.209495544
0.107363001 0.054116908 -0.992745876 -8.612983704 0.020371448 0.998188138 0.056616683 -0.065158427 0.994011164 -0.026302215 0.106066041 22.259443283
0.067146987 0.052305464 -0.996371090 -9.247357368 0.020168025 0.998349726 0.053768482 -0.034704268 0.997539222 -0.023705229 0.065981269 22.270656586
0.031329215 0.047999915 -0.998355865 -9.890690804 0.017464595 0.998667419 0.048562951 0.000253618 0.999356508 -0.018957322 0.030449167 22.266660690
0.003017418 0.048030406 -0.998841345 -10.565249443 0.015025675 0.998730838 0.048070498 0.033889502 0.999882519 -0.015153310 0.002291903 22.240699768
-0.017805016 0.052044876 -0.998485982 -11.265954971 0.013378883 0.998567343 0.051810533 0.064970970 0.999751985 -0.012436135 -0.018475810 22.206830978
-0.031057283 0.058074988 -0.997829020 -11.989007950 0.015347329 0.998220623 0.057620090 0.097352564 0.999399781 -0.013524485 -0.031893324 22.185743332
-0.039023966 0.060593069 -0.997399449 -12.732991219 0.015066622 0.998081923 0.060045049 0.131982863 0.999124646 -0.012684244 -0.039862052 22.148366928
-0.042673092 0.057763275 -0.997417867 -13.502889633 0.016011514 0.998238564 0.057125773 0.169181645 0.998960793 -0.013532436 -0.043522805 22.106756210
-0.041837860 0.053936146 -0.997667491 -14.282056808 0.023385255 0.998321056 0.052990813 0.205195367 0.998850644 -0.021113686 -0.043028928 22.080066681
-0.037349842 0.052321743 -0.997931480 -15.080803871 0.035353851 0.998072326 0.051005926 0.249859869 0.998676777 -0.033375662 -0.039127618 22.062902451
-0.032053258 0.052501366 -0.998106301 -15.922295570 0.035848204 0.998037279 0.051346503 0.287902713 0.998843074 -0.034134492 -0.033872444 22.042407990
-0.027023559 0.051355008 -0.998314738 -16.762142181 0.033784058 0.998155832 0.050432332 0.316665173 0.999063730 -0.032364257 -0.028708713 22.011926651
-0.023835966 0.044749018 -0.998713791 -17.652429581 0.037532084 0.998333454 0.043836195 0.358693063 0.999011219 -0.036438931 -0.025475761 22.002916336
-0.021771731 0.033854946 -0.999189496 -18.524700165 0.035351116 0.998827517 0.033072393 0.391269922 0.999137700 -0.034602426 -0.022943009 21.980804443
-0.020998079 0.025511073 -0.999453962 -19.418897629 0.027618436 0.999307513 0.024927091 0.416810006 0.999397933 -0.027079934 -0.021688113 21.941923141
-0.022424061 0.022858378 -0.999487221 -20.347652435 0.022302780 0.999501169 0.022358324 0.436455339 0.999499738 -0.021789981 -0.022922678 21.913839340
-0.026187005 0.029071234 -0.999234259 -21.294038773 0.013019825 0.999502242 0.028737815 0.456037849 0.999572217 -0.012257299 -0.026552467 21.871608734
-0.031093542 0.037125770 -0.998826742 -22.253980637 0.008108843 0.999286532 0.036890429 0.481118202 0.999483645 -0.006952277 -0.031372402 21.819501877
-0.035411038 0.046747152 -0.998278916 -23.265338898 0.006786311 0.998893619 0.046535209 0.509598196 0.999349713 -0.005126770 -0.035689104 21.775861740
-0.037131336 0.056446102 -0.997714937 -24.278682709 0.005320400 0.998400569 0.056286879 0.556515217 0.999296188 -0.003218236 -0.037372254 21.732496262
-0.038088486 0.064252242 -0.997206569 -25.303394318 0.007204713 0.997922480 0.064023182 0.602212608 0.999248445 -0.004746041 -0.038472272 21.692670822
-0.039573222 0.065019295 -0.997099042 -26.324903488 0.008419578 0.997866929 0.064735211 0.654790342 0.999181151 -0.005833372 -0.040036250 21.652196884
-0.041232903 0.062166572 -0.997213662 -27.345018387 0.007231098 0.998054862 0.061920028 0.707371593 0.999123394 -0.004657806 -0.041602243 21.603618622
-0.044015922 0.057548478 -0.997371972 -28.362970352 0.006999531 0.998332739 0.057295006 0.749217808 0.999006331 -0.004459243 -0.044345345 21.552343369
-0.048140731 0.052536793 -0.997457922 -29.372430801 0.006865389 0.998609602 0.052266102 0.786682785 0.998817027 -0.004331807 -0.048434481 21.490455627
-0.054352388 0.047754664 -0.997379243 -30.427207947 0.007450705 0.998847246 0.047418930 0.836437225 0.998493969 -0.004853847 -0.054645546 21.443183899
-0.060859755 0.046050757 -0.997083426 -31.451169968 0.006511550 0.998932242 0.045738690 0.874439895 0.998125136 -0.003708913 -0.061094634 21.363065720
-0.067906655 0.048093021 -0.996531963 -32.472393036 0.007052548 0.998835683 0.047723621 0.917848706 0.997666776 -0.003787338 -0.068166770 21.291637421
-0.074116372 0.052812956 -0.995850086 -33.564361572 0.004881839 0.998603940 0.052595660 0.959967852 0.997237623 -0.000963381 -0.074270718 21.200881958
-0.080221727 0.055665277 -0.995221496 -34.622627258 0.001977099 0.998446286 0.055686276 1.003624320 0.996775091 0.002499598 -0.080207132 21.104516983
-0.085078038 0.057888187 -0.994691312 -35.692680359 -0.000804628 0.998306453 0.058167402 1.053092360 0.996374011 0.005749124 -0.084887370 21.005586624
-0.087791540 0.059133526 -0.994382083 -36.767436981 -0.005554973 0.998191893 0.059850514 1.101429820 0.996123374 0.010778136 -0.087304324 20.905330658
-0.089386463 0.060453538 -0.994160652 -37.842433929 -0.009884504 0.998053253 0.061578978 1.152880788 0.995947957 0.015331114 -0.088614888 20.794185638
-0.090770125 0.060185131 -0.994051576 -38.916835785 -0.010492467 0.998058975 0.061385866 1.195551753 0.995816588 0.016002053 -0.089962445 20.686983109
-0.092321575 0.059375651 -0.993957400 -39.996257782 -0.011228861 0.998095036 0.060665783 1.245645404 0.995665908 0.016761770 -0.091478974 20.579668045
-0.093423843 0.058496051 -0.993906558 -41.079654694 -0.012068664 0.998132646 0.059879191 1.299521327 0.995553255 0.017589264 -0.092543416 20.476427078
-0.094137415 0.057475127 -0.993898749 -42.166431427 -0.014616416 0.998144627 0.059105065 1.352743626 0.995451868 0.020091238 -0.093122676 20.359674454
-0.094716527 0.055063844 -0.993980289 -43.238895416 -0.019134603 0.998183906 0.057120055 1.396282196 0.995320320 0.024429629 -0.093490884 20.245548248
-0.095338888 0.050419852 -0.994167268 -44.329635620 -0.023887334 0.998312950 0.052920863 1.435073853 0.995158195 0.028793419 -0.093973666 20.138187408
-0.094546728 0.049614184 -0.994283259 -45.433738708 -0.025698753 0.998302877 0.052258454 1.486884356 0.995188653 0.030492708 -0.093111232 20.023529053
-0.092975885 0.053890768 -0.994208872 -46.543388367 -0.026663158 0.998041332 0.056591969 1.528643012 0.995311320 0.031770434 -0.091356874 19.914516449
-0.090933636 0.056995939 -0.994224608 -47.663421631 -0.026838424 0.997857988 0.059658930 1.576666832 0.995495260 0.032108422 -0.089209169 19.809547424
-0.089714624 0.056678873 -0.994353473 -48.770126343 -0.024672497 0.997946560 0.059109736 1.629297018 0.995661855 0.029836187 -0.088131987 19.710435867
-0.086882770 0.055668976 -0.994661927 -49.883628845 -0.024597768 0.998013198 0.058005124 1.684170961 0.995914817 0.029506113 -0.085340813 19.601650238
-0.082825094 0.056068268 -0.994985640 -50.997074127 -0.028979005 0.997858226 0.058642443 1.735567331 0.996142626 0.033690758 -0.081022903 19.500196457
-0.076953977 0.057069357 -0.995400012 -52.142292023 -0.034016192 0.997628987 0.059826940 1.784875035 0.996454179 0.038463645 -0.074830256 19.392391205
-0.071337819 0.056601599 -0.995844901 -53.263534546 -0.037775215 0.997519016 0.059402801 1.837025762 0.996736586 0.041855924 -0.069022700 19.304443359
-0.065296255 0.055474989 -0.996322691 -54.399833679 -0.039449412 0.997529507 0.058127586 1.897360206 0.997085810 0.043099854 -0.062946483 19.218091965
-0.059601560 0.054587375 -0.996728599 -55.535228729 -0.039186548 0.997606039 0.056978680 1.950669527 0.997452736 0.042454366 -0.057319786 19.147518158
-0.054178748 0.054277807 -0.997054935 -56.674259186 -0.037674237 0.997699440 0.056360058 2.003014565 0.997820258 0.040616799 -0.052009225 19.078283310
-0.048974268 0.054856684 -0.997292459 -57.809906006 -0.036394760 0.997729480 0.056667969 2.052129269 0.998136699 0.039071482 -0.046866566 19.023082733
-0.042831756 0.056591719 -0.997478247 -58.974681854 -0.035343520 0.997683644 0.058121026 2.101620674 0.998456895 0.037743818 -0.040732391 18.963525772
-0.037230905 0.057963952 -0.997624218 -60.131095886 -0.036109041 0.997586370 0.059309326 2.151372671 0.998654068 0.038231395 -0.035048023 18.915357590
-0.032280423 0.057254639 -0.997837603 -61.278766632 -0.035727441 0.997653782 0.058399890 2.199390411 0.998840094 0.037535354 -0.030159123 18.881469727
-0.027507283 0.052463949 -0.998243928 -62.428970337 -0.035980288 0.997922778 0.053438529 2.251895905 0.998973906 0.037387047 -0.025562475 18.843341827
-0.023045177 0.047446545 -0.998607874 -63.589431763 -0.035693657 0.998197317 0.048250750 2.287525654 0.999097049 0.036755916 -0.021310093 18.814933777
-0.019376462 0.047063977 -0.998703837 -64.747238159 -0.035440121 0.998231471 0.047729302 2.328012466 0.999183953 0.036319025 -0.017674243 18.788434982
-0.015734348 0.049358509 -0.998657107 -65.920196533 -0.035023920 0.998140693 0.049884785 2.368510246 0.999262631 0.035761803 -0.013976364 18.755121231
-0.013671102 0.048498943 -0.998729646 -67.083030701 -0.035428718 0.998172343 0.048956845 2.417730808 0.999278784 0.036053009 -0.011927862 18.735977173
-0.013119332 0.048470836 -0.998738348 -68.246315002 -0.037086468 0.998113513 0.048927672 2.459613800 0.999225914 0.037681583 -0.011296972 18.720996857
-0.012221849 0.049805898 -0.998684108 -69.434196472 -0.037787061 0.998022318 0.050235339 2.493389130 0.999211073 0.038351309 -0.010315659 18.696504593
-0.011028520 0.049563725 -0.998709977 -70.611541748 -0.038547903 0.998007357 0.049954519 2.532487154 0.999195933 0.039049104 -0.009095964 18.676380157
-0.010234682 0.047796629 -0.998804629 -71.785408020 -0.038584769 0.998094201 0.048158012 2.566718102 0.999202907 0.039031524 -0.008370955 18.661592484
-0.009420740 0.046557352 -0.998871207 -72.977455139 -0.037016790 0.998214602 0.046875868 2.608284950 0.999270260 0.037416611 -0.007680516 18.644836426
-0.009148486 0.046006639 -0.998899281 -74.162544250 -0.034045793 0.998347580 0.046293035 2.650945425 0.999378324 0.034431834 -0.007567035 18.633562088
-0.008945757 0.047276117 -0.998841822 -75.347579956 -0.031455930 0.998374104 0.047535710 2.682865858 0.999465108 0.031844743 -0.007444100 18.623733521
-0.008872258 0.050084632 -0.998705626 -76.533233643 -0.031174952 0.998245537 0.050338518 2.721848488 0.999474585 0.031581219 -0.007295307 18.608686447
-0.008635784 0.053739142 -0.998517573 -77.717842102 -0.033122737 0.997991502 0.053997297 2.761644363 0.999413967 0.033539943 -0.006838450 18.594873428
-0.007889718 0.053880222 -0.998516262 -78.898605347 -0.035259821 0.997911274 0.054126196 2.805160046 0.999347031 0.035634544 -0.005973431 18.577711105
-0.008117418 0.051690754 -0.998630166 -80.087532043 -0.036562551 0.997979879 0.051954303 2.847201824 0.999298394 0.036934197 -0.006211075 18.568241119
-0.007566941 0.049121134 -0.998764157 -81.268623352 -0.036345102 0.998119295 0.049364775 2.892442703 0.999310613 0.036673732 -0.005767399 18.550159454
-0.007719028 0.048691098 -0.998784065 -82.455772400 -0.033884294 0.998227477 0.048925836 2.931394100 0.999395967 0.034220755 -0.006055482 18.536842346
-0.007958861 0.050106138 -0.998712242 -83.632446289 -0.032462809 0.998204470 0.050339371 2.971454859 0.999441326 0.032821644 -0.006317983 18.532735825
-0.007488783 0.052895322 -0.998571932 -84.812980652 -0.031541485 0.998090625 0.053106364 3.012068748 0.999474525 0.031894140 -0.005806086 18.516263962
-0.006697841 0.055172507 -0.998454332 -85.986419678 -0.032074459 0.997951150 0.055359863 3.055319071 0.999463141 0.032395672 -0.004914489 18.503530502
-0.006643995 0.055357397 -0.998444557 -87.156501770 -0.033345833 0.997898936 0.055549048 3.096198082 0.999421775 0.033663034 -0.004784096 18.485897064
-0.006499772 0.053351264 -0.998554647 -88.329414368 -0.033093255 0.998017311 0.053537972 3.138154030 0.999431133 0.033393409 -0.004721317 18.476186752
-0.006409659 0.051914401 -0.998630881 -89.499710083 -0.031613559 0.998141766 0.052091878 3.182316065 0.999479651 0.031904183 -0.004756548 18.468845367
-0.006522852 0.052965686 -0.998575032 -90.665336609 -0.029418528 0.998153865 0.053135514 3.222852707 0.999545932 0.029723207 -0.004952637 18.461034775
-0.005762037 0.055931460 -0.998417974 -91.833839417 -0.027963609 0.998035073 0.056071401 3.269170284 0.999592304 0.028242458 -0.004186671 18.443214417
-0.006039078 0.058243558 -0.998284042 -93.005073547 -0.026641158 0.997938514 0.058384560 3.315273762 0.999626875 0.026948033 -0.004474954 18.436428070
-0.005622789 0.059859902 -0.998190999 -94.166130066 -0.027787874 0.997811854 0.059993695 3.368927002 0.999598086 0.028074943 -0.003947106 18.423452377
-0.004695096 0.062159602 -0.998055279 -95.320770264 -0.030065743 0.997606218 0.062273089 3.408618689 0.999536812 0.030299647 -0.002814983 18.406625748
-0.004544320 0.061355799 -0.998105586 -96.483337402 -0.031960238 0.997597098 0.061470058 3.459455252 0.999478757 0.032179032 -0.002572455 18.393070221
-0.004775509 0.057258554 -0.998347878 -97.635643005 -0.034437757 0.997757852 0.057389434 3.507500172 0.999395311 0.034654930 -0.002792945 18.377285004
-0.003795969 0.055645540 -0.998443365 -98.804901123 -0.035851948 0.997801065 0.055746049 3.557147741 0.999349892 0.036007751 -0.001792621 18.364082336
-0.003795824 0.053963494 -0.998535812 -99.969810486 -0.035585407 0.997903049 0.054064587 3.604744911 0.999359488 0.035738524 -0.001867552 18.356887817
-0.003108485 0.054534528 -0.998507023 -101.137847900 -0.034471579 0.997912586 0.054609366 3.648772717 0.999400795 0.034589864 -0.001222106 18.347597122
-0.003912322 0.056721192 -0.998382330 -102.295196533 -0.034887694 0.997774363 0.056823373 3.689926386 0.999383509 0.035053570 -0.001924743 18.346323013
-0.004127679 0.058573518 -0.998274446 -103.463607788 -0.033307347 0.997721076 0.058678765 3.740150452 0.999436617 0.033492088 -0.002167345 18.344245911
-0.004438400 0.057702765 -0.998323917 -104.623100281 -0.037804805 0.997610331 0.057829592 3.787147999 0.999275267 0.037998114 -0.002246352 18.325225830
-0.004584945 0.058786560 -0.998260081 -105.791961670 -0.041143537 0.997414112 0.058925703 3.841955900 0.999142766 0.041342117 -0.002154403 18.311470032
-0.004673933 0.058238260 -0.998291731 -106.960128784 -0.044765748 0.997289598 0.058389399 3.890587807 0.998986721 0.044962179 -0.002054185 18.288139343
-0.005547794 0.054290865 -0.998509765 -108.137405396 -0.045412149 0.997481227 0.054487254 3.942744255 0.998952925 0.045646757 -0.003068355 18.285356522
-0.005686773 0.050533339 -0.998706162 -109.318519592 -0.045213290 0.997688115 0.050739270 3.984298468 0.998961151 0.045443337 -0.003388846 18.268644333
-0.006877514 0.049635526 -0.998743653 -110.518905640 -0.041931257 0.997874558 0.049881082 4.029803276 0.999096751 0.042221639 -0.004781616 18.259323120
-0.007144390 0.049093705 -0.998768568 -111.702018738 -0.037569333 0.998075724 0.049328391 4.070618629 0.999268472 0.037875488 -0.005286225 18.255706787
-0.007361469 0.050794315 -0.998681962 -112.911903381 -0.036709189 0.998022139 0.051031340 4.120126724 0.999298871 0.037036471 -0.005482290 18.240890503
-0.008427130 0.055172991 -0.998441160 -114.152915955 -0.036039989 0.997811258 0.055442363 4.153869152 0.999314785 0.036451034 -0.006420250 18.230594635
-0.008840983 0.054905582 -0.998452425 -115.373916626 -0.034340814 0.997885883 0.055178493 4.222250938 0.999371052 0.034775488 -0.006936789 18.217357635
-0.009924762 0.049880799 -0.998705864 -116.594055176 -0.034178920 0.998154521 0.050192919 4.279125214 0.999366403 0.034632828 -0.008201574 18.204452515
-0.010492695 0.046697848 -0.998853922 -117.828956604 -0.034652550 0.998291910 0.047035590 4.317660332 0.999344289 0.035106365 -0.008856575 18.181602478
-0.011081581 0.045365620 -0.998908997 -119.090187073 -0.033650059 0.998387575 0.045715246 4.362747192 0.999372244 0.034119949 -0.009537159 18.172262192
-0.011760306 0.046285629 -0.998859048 -120.332733154 -0.035678502 0.998272538 0.046678528 4.410615921 0.999294102 0.036186744 -0.010088590 18.148454666
-0.012467089 0.051347997 -0.998603046 -121.599708557 -0.040402960 0.997839153 0.051813133 4.452251434 0.999105632 0.040992469 -0.010365541 18.127099991
-0.012222023 0.054709990 -0.998427451 -122.863517761 -0.045729499 0.997426748 0.055214938 4.497076035 0.998879075 0.046332430 -0.009688711 18.084453583
-0.012260176 0.054381099 -0.998444974 -124.124099731 -0.053093139 0.997076035 0.054958485 4.552455902 0.998514295 0.053684387 -0.009337066 18.051681519
-0.011632054 0.052391764 -0.998558819 -125.384574890 -0.056525003 0.996995211 0.052968163 4.603052139 0.998333395 0.057059675 -0.008635655 18.014352798
-0.012534222 0.050975129 -0.998621225 -126.653205872 -0.058783088 0.996934891 0.051626861 4.653761387 0.998192072 0.059349161 -0.009499328 17.996124268
-0.013365462 0.049984023 -0.998660624 -127.914497375 -0.058578052 0.996995211 0.050684649 4.698157310 0.998193383 0.059177015 -0.010397338 17.975996017
-0.013513027 0.049885917 -0.998663485 -129.201507568 -0.056733254 0.997107506 0.050575849 4.737108231 0.998297930 0.057340864 -0.010643750 17.952762604
-0.014322624 0.050756201 -0.998608291 -130.450225830 -0.056747019 0.997059882 0.051491387 4.778124809 0.998285830 0.057405539 -0.011400249 17.937345505
-0.014835487 0.055617001 -0.998341918 -131.719787598 -0.056693606 0.996798754 0.056373507 4.826232910 0.998281360 0.057435937 -0.011634867 17.911066055
-0.015223816 0.059546072 -0.998109400 -132.999038696 -0.056085121 0.996602714 0.060311623 4.881399632 0.998309910 0.056897271 -0.011832449 17.884906769
-0.014697948 0.058519814 -0.998178065 -134.249786377 -0.056026954 0.996669233 0.059256341 4.929693222 0.998321116 0.056795821 -0.011370305 17.846639633
-0.014633106 0.056932747 -0.998270750 -135.520828247 -0.055411909 0.996797204 0.057660967 4.982691765 0.998356283 0.056159854 -0.011431486 17.837810516
-0.013315016 0.056392200 -0.998319864 -136.771865845 -0.054495685 0.996883631 0.057037897 5.035243988 0.998425186 0.055163592 -0.010200391 17.811864853
-0.012312504 0.055675570 -0.998372972 -138.023620605 -0.054991912 0.996899843 0.056271609 5.082688808 0.998410881 0.055595282 -0.009212625 17.792404175
-0.011773399 0.057857331 -0.998255432 -139.268569946 -0.054893985 0.996781647 0.058419339 5.132410049 0.998422742 0.055486016 -0.008559488 17.777597427
-0.010564869 0.061454602 -0.998053908 -140.541351318 -0.055657241 0.996526182 0.061949689 5.186756134 0.998394012 0.056203410 -0.007107775 17.755094528
-0.009152422 0.062344417 -0.998012722 -141.800643921 -0.057129718 0.996391714 0.062767074 5.246364594 0.998324811 0.057590652 -0.005557679 17.733768463
-0.008072348 0.059835881 -0.998175561 -143.055923462 -0.059360079 0.996419132 0.060210634 5.298447609 0.998203933 0.059737828 -0.004491579 17.716857910
-0.008117595 0.056683272 -0.998359323 -144.299087524 -0.058171567 0.996674538 0.057060618 5.351659775 0.998273611 0.058539316 -0.004793246 17.695341110
-0.007989431 0.055203572 -0.998443127 -145.549850464 -0.055186562 0.996928930 0.055561453 5.399968147 0.998444140 0.055544563 -0.004918400 17.684198380
-0.008069674 0.054758314 -0.998467028 -146.802719116 -0.053189386 0.997062504 0.055111159 5.438055515 0.998551846 0.053552575 -0.005133409 17.669958115
-0.008457789 0.055059332 -0.998447299 -148.037490845 -0.051314913 0.997143507 0.055422112 5.490287781 0.998646736 0.051703990 -0.005608266 17.660732269
-0.008598393 0.053446796 -0.998533666 -149.277069092 -0.049476754 0.997324705 0.053808130 5.542404175 0.998738289 0.049866866 -0.005931016 17.657733917
-0.008483905 0.053665448 -0.998522937 -150.519821167 -0.048594858 0.997356892 0.054015663 5.589719772 0.998782575 0.048981350 -0.005853618 17.642423630
-0.008744428 0.056057587 -0.998389184 -151.761505127 -0.046495069 0.997324765 0.056405053 5.644961834 0.998880267 0.046913404 -0.006114632 17.630958557
-0.008872189 0.057248406 -0.998320460 -152.993621826 -0.044134844 0.997364581 0.057585809 5.697265625 0.998986125 0.044571634 -0.006322157 17.618305206
-0.008956715 0.056102004 -0.998384893 -154.225234985 -0.041620731 0.997538805 0.056427855 5.741943836 0.999093354 0.042058915 -0.006599663 17.607419968
-0.009720487 0.056391098 -0.998361468 -155.452239990 -0.043019902 0.997460663 0.056759071 5.792698383 0.999026954 0.043501139 -0.007269862 17.591114044
-0.009541697 0.061017763 -0.998091042 -156.711868286 -0.043426123 0.997169554 0.061376579 5.846876144 0.999011040 0.043928869 -0.006864924 17.575628281
-0.008876360 0.067713358 -0.997665405 -157.943756104 -0.048161495 0.996517897 0.068063982 5.902174950 0.998800099 0.048653215 -0.005584275 17.552667618
-0.007983336 0.067928754 -0.997658312 -159.164779663 -0.053213239 0.996247470 0.068258516 5.961548805 0.998551250 0.053633556 -0.004338672 17.529436111
-0.006137804 0.063739352 -0.997947633 -160.404586792 -0.057494603 0.996293128 0.063987277 6.024363518 0.998326957 0.057769347 -0.002450383 17.495952606
-0.004893781 0.058738116 -0.998261333 -161.627944946 -0.059210289 0.996504843 0.058925018 6.076478958 0.998233557 0.059395712 -0.001398776 17.482301712
-0.003857017 0.057106405 -0.998360634 -162.852462769 -0.061703470 0.996452093 0.057235617 6.123225212 0.998087049 0.061823085 -0.000319669 17.472177505
-0.002621994 0.053938273 -0.998540878 -164.058059692 -0.056552425 0.996938229 0.054000206 6.170418262 0.998396218 0.056611493 0.000436374 17.470113754
-0.002417704 0.049166113 -0.998787820 -165.299911499 -0.053543694 0.997351408 0.049225036 6.222137451 0.998562574 0.053597793 0.000221236 17.467859268
-0.002994313 0.045568682 -0.998956740 -166.513107300 -0.047124572 0.997844875 0.045659218 6.263792992 0.998884559 0.047212131 -0.000840455 17.469373703
-0.003919549 0.048883587 -0.998796821 -167.733123779 -0.044786327 0.997793674 0.049010247 6.302813053 0.998988867 0.044924535 -0.001721585 17.460390091
-0.003301898 0.055797487 -0.998436630 -168.965530396 -0.044678137 0.997436821 0.055889376 6.332638741 0.998995960 0.044792831 -0.000800507 17.457929611
-0.002169024 0.059063349 -0.998251915 -170.179031372 -0.046628453 0.997162402 0.059100211 6.381699562 0.998910010 0.046675131 0.000591163 17.448589325
0.000239990 0.055329025 -0.998468161 -171.404434204 -0.048124325 0.997311950 0.055253383 6.437222004 0.998841286 0.048037350 0.002902017 17.430587769
0.000843307 0.055649206 -0.998449981 -172.629760742 -0.049893778 0.997209132 0.055537906 6.484200001 0.998754203 0.049769603 0.003617502 17.430475235
0.001320213 0.056621015 -0.998394907 -173.853286743 -0.048427198 0.997227967 0.056490801 6.533792973 0.998825848 0.048274875 0.004058551 17.433141708
0.002322176 0.054655828 -0.998502553 -175.063964844 -0.047858000 0.997367322 0.054482371 6.580514431 0.998851478 0.047659826 0.004931781 17.430707932
0.004035259 0.053402446 -0.998564899 -176.251434326 -0.048077952 0.997428715 0.053147390 6.621963024 0.998835444 0.047794491 0.006592363 17.431045532
0.005739433 0.055025466 -0.998468399 -177.412536621 -0.049469560 0.997277915 0.054675493 6.666783810 0.998759151 0.049079992 0.008445894 17.427854538
0.006857011 0.057239275 -0.998336911 -178.543655396 -0.049321741 0.997164667 0.056833297 6.699143410 0.998759449 0.048850011 0.009660709 17.431789398
0.007568725 0.058734998 -0.998244882 -179.639785767 -0.050439768 0.997025192 0.058280788 6.731103897 0.998698413 0.049910132 0.010508788 17.431329727
0.007629224 0.059820339 -0.998180032 -180.716415405 -0.050919916 0.996937335 0.059356675 6.767693520 0.998673558 0.050374400 0.010651904 17.436365128
0.007433780 0.060929377 -0.998114526 -181.780746460 -0.049878910 0.996922076 0.060485113 6.803098202 0.998727739 0.049335226 0.010449992 17.441970825
0.007976443 0.059777621 -0.998179793 -182.812225342 -0.050320860 0.996970892 0.059303109 6.845353603 0.998701274 0.049756244 0.010960342 17.439920425
0.009441789 0.060231179 -0.998139799 -183.786987305 -0.051100243 0.996909142 0.059673540 6.868756294 0.998648882 0.050441753 0.012490434 17.452194214
0.010602630 0.061003000 -0.998081267 -184.748840332 -0.051739506 0.996833801 0.060377117 6.907142162 0.998604298 0.051000077 0.013725325 17.461660385
0.010167511 0.059378874 -0.998183727 -185.692169189 -0.050281558 0.997002900 0.058796458 6.937884331 0.998683333 0.049592417 0.013122702 17.464712143
0.006917033 0.056336164 -0.998387814 -186.629852295 -0.047776710 0.997290194 0.055943221 6.968515396 0.998834074 0.047312718 0.009589845 17.471811295
0.001991905 0.052790582 -0.998603582 -187.567642212 -0.047548328 0.997481108 0.052636400 7.001462936 0.998866975 0.047377083 0.004496991 17.471858978
-0.002910300 0.049646407 -0.998762667 -188.492782593 -0.049531594 0.997533679 0.049729656 7.037215710 0.998768270 0.049615033 -0.000444056 17.457180023
-0.006892222 0.048955612 -0.998777211 -189.432388306 -0.051181201 0.997474551 0.049244948 7.068028450 0.998665631 0.051458027 -0.004369210 17.451763153
-0.009482626 0.049906634 -0.998708785 -190.351638794 -0.053039141 0.997322738 0.050340962 7.092019081 0.998547435 0.053448033 -0.006810235 17.428081512
-0.011672799 0.051692553 -0.998594820 -191.275787354 -0.051498819 0.997306466 0.052227836 7.125102043 0.998604834 0.052036103 -0.008979253 17.415779114
-0.013131835 0.053060390 -0.998504937 -192.201797485 -0.049165078 0.997348964 0.053645555 7.157646179 0.998704314 0.049796037 -0.010488303 17.406059265
-0.014892158 0.053620566 -0.998450339 -193.110778809 -0.046896871 0.997424722 0.054264963 7.183195591 0.998788834 0.047632322 -0.012339169 17.394947052
-0.015558669 0.052514415 -0.998498976 -194.020996094 -0.047698501 0.997443914 0.053202167 7.216365814 0.998740613 0.048454657 -0.013014041 17.375524521
-0.016584875 0.051164325 -0.998552620 -194.931259155 -0.049497422 0.997423410 0.051928565 7.251261234 0.998636544 0.050287005 -0.014009641 17.358261108
-0.016545074 0.050257679 -0.998599231 -195.829772949 -0.053078931 0.997283518 0.051070888 7.285408974 0.998453319 0.053849544 -0.013832504 17.334489822
-0.015314600 0.048934314 -0.998684585 -196.728134155 -0.055917960 0.997196555 0.049718902 7.308560848 0.998317957 0.056605816 -0.012535360 17.305482864
-0.014383349 0.046697672 -0.998805523 -197.659500122 -0.055378813 0.997338414 0.047426574 7.335259438 0.998361766 0.055994820 -0.011759007 17.289926529
-0.013871435 0.044167154 -0.998927832 -198.569915771 -0.055379290 0.997456610 0.044871125 7.364192963 0.998368979 0.055942345 -0.011390212 17.273693085
-0.013197197 0.043517590 -0.998965502 -199.485336304 -0.055507392 0.997480035 0.044186190 7.397654533 0.998371065 0.056033108 -0.010748393 17.256551743
-0.012400137 0.046590857 -0.998837113 -200.415161133 -0.053017568 0.997478187 0.047185656 7.420485973 0.998516560 0.053541020 -0.009898732 17.239471436
-0.012704968 0.047613047 -0.998785079 -201.357452393 -0.052570816 0.997452438 0.048218250 7.456085682 0.998536348 0.053119566 -0.010169544 17.236240387
-0.012169170 0.043813322 -0.998965561 -202.296218872 -0.047552340 0.997884035 0.044345140 7.486245632 0.998794556 0.048042800 -0.010059991 17.230241776
-0.011998063 0.040768441 -0.999096513 -203.237747192 -0.045955256 0.998090208 0.041279253 7.514061928 0.998871505 0.046409003 -0.010101625 17.218650818
-0.011873654 0.041118436 -0.999083638 -204.187484741 -0.050626375 0.997848034 0.041669246 7.547205448 0.998647034 0.051074758 -0.009766425 17.202266693
-0.009779829 0.044973135 -0.998940349 -205.151351929 -0.051891267 0.997619271 0.045421679 7.578561783 0.998604834 0.052280489 -0.007422833 17.178060532
-0.007701532 0.044469554 -0.998981059 -206.117187500 -0.049540613 0.997766972 0.044797439 7.610638618 0.998742282 0.049835145 -0.005481286 17.167776108
-0.005703682 0.045466933 -0.998949587 -207.089553833 -0.048198529 0.997792184 0.045689452 7.650203228 0.998821497 0.048408501 -0.003499650 17.165609360
-0.004148754 0.049956508 -0.998742759 -208.075134277 -0.049467314 0.997518301 0.050100747 7.689134598 0.998767138 0.049612977 -0.001667244 17.157041550
-0.002070266 0.054359570 -0.998519361 -209.086425781 -0.046632160 0.997429907 0.054396946 7.722603798 0.998909950 0.046675730 0.000469959 17.147928238
-0.000833130 0.054907214 -0.998491108 -210.077087402 -0.045674339 0.997447312 0.054887936 7.761809349 0.998956144 0.045651145 0.001676847 17.153514862
0.001263443 0.055239618 -0.998472273 -211.078811646 -0.049097449 0.997272432 0.055111106 7.811474800 0.998793185 0.048952825 0.003972122 17.146827698
0.004102391 0.057788249 -0.998320401 -212.101867676 -0.051940810 0.996993542 0.057498008 7.847909927 0.998641729 0.051617689 0.007091626 17.142208099
0.007539557 0.057767544 -0.998301566 -213.138854980 -0.053126097 0.996943176 0.057287712 7.895800591 0.998559356 0.052603941 0.010585475 17.145765305
0.010405385 0.055234279 -0.998419106 -214.167282104 -0.055869468 0.996945679 0.054570496 7.940820694 0.998383880 0.055213328 0.013459514 17.149576187
